0
878
1192
1299
1335
1349
1353
1356
1380
1756
2070
2177
2213
2227
2231
2234
2258
2384
2491
2527
2541
2545
2548
2572
2598
2634
2648
2652
2655
2670
2679
2684
2688
2691
2698
2702
2705
2706
2709
2712
2715
2729
2733
2736
2760
2948
3055
3091
3105
3109
3112
3136
3262
3369
3405
3419
3423
3426
3450
3476
3512
3526
3530
3533
3548
3557
3562
3566
3569
3576
3580
3583
3584
3587
3590
3593
3607
3611
3614
3638
3683
3719
3733
3737
3740
3764
3790
3826
3840
3844
3847
3862
3871
3876
3880
3883
3890
3894
3897
3898
3901
3904
3907
3921
3925
3928
3933
3947
3951
3952
3954
3969
3978
3983
3987
3990
3997
4001
4004
4005
4008
4011
4014
4019
4023
4026
4028
4032
4033
4035
4037
4040
4041
4044
4047
4050
4051
4054
4055
4058
4059
4061
4062
4064
4065
4068
4071
4078
4082
4085
4086
4089
4092
4095
4109
4113
4116
4140
4247
4283
4297
4301
4304
4328
4354
4390
4404
4408
4411
4426
4435
4440
4444
4447
4454
4458
4461
4462
4465
4468
4471
4485
4489
4492
4516
4561
4597
4611
4615
4618
4642
4668
4704
4718
4722
4725
4740
4749
4754
4758
4761
4768
4772
4775
4776
4779
4782
4785
4799
4803
4806
4811
4825
4829
4830
4832
4847
4856
4861
4865
4868
4875
4879
4882
4883
4886
4889
4892
4897
4901
4904
4906
4910
4911
4913
4915
4918
4919
4922
4925
4928
4929
4932
4933
4936
4937
4939
4940
4942
4943
4946
4949
4956
4960
4963
4964
4967
4970
4973
4982
4987
4991
4994
5018
5032
5036
5039
5054
5063
5068
5072
5075
5082
5086
5089
5090
5093
5096
5099
5113
5117
5120
5125
5139
5143
5144
5146
5161
5170
5175
5179
5182
5189
5193
5196
5197
5200
5203
5206
5211
5215
5218
5220
5224
5225
5227
5229
5232
5233
5236
5239
5242
5243
5246
5247
5250
5251
5253
5254
5256
5257
5260
5263
5268
5270
5274
5277
5278
5281
5282
5284
5286
5287
5289
5296
5300
5301
5303
5304
5305
5307
5308
5310
5313
5318
5322
5325
5327
5331
5332
5334
5336
5339
5340
5343
5346
5349
5350
5353
5354
5357
5358
5360
5361
5363
5364
5367
5368
5370
5372
5375
5376
5377
5379
5381
5382
5384
5385
5386
5388
5389
5390
5391
5393
5394
5396
5397
5399
5400
5403
5404
5406
5407
5408
5410
5411
5412
5413
5414
5415
5417
5418
5420
5421
5424
5427
5430
5431
5434
5435
5438
5439
5441
5442
5444
5445
5448
5451
5458
5462
5465
5466
5469
5472
5475
5489
5493
5496
5520
5546
5582
5596
5600
5603
5618
5627
5632
5636
5639
5646
5650
5653
5654
5657
5660
5663
5677
5681
5684
5689
5703
5707
5708
5710
5725
5734
5739
5743
5746
5753
5757
5760
5761
5764
5767
5770
5775
5779
5782
5784
5788
5789
5791
5793
5796
5797
5800
5803
5806
5807
5810
5811
5814
5815
5817
5818
5820
5821
5824
5827
5834
5838
5841
5842
5845
5848
5851
5860
5865
5869
5872
5896
5910
5914
5917
5932
5941
5946
5950
5953
5960
5964
5967
5968
5971
5974
5977
5991
5995
5998
6003
6017
6021
6022
6024
6039
6048
6053
6057
6060
6067
6071
6074
6075
6078
6081
6084
6089
6093
6096
6098
6102
6103
6105
6107
6110
6111
6114
6117
6120
6121
6124
6125
6128
6129
6131
6132
6134
6135
6138
6141
6146
6148
6152
6155
6156
6159
6160
6162
6164
6165
6167
6174
6178
6179
6181
6182
6183
6185
6186
6188
6191
6196
6200
6203
6205
6209
6210
6212
6214
6217
6218
6221
6224
6227
6228
6231
6232
6235
6236
6238
6239
6241
6242
6245
6246
6248
6250
6253
6254
6255
6257
6259
6260
6262
6263
6264
6266
6267
6268
6269
6271
6272
6274
6275
6277
6278
6281
6282
6284
6285
6286
6288
6289
6290
6291
6292
6293
6295
6296
6298
6299
6302
6305
6308
6309
6312
6313
6316
6317
6319
6320
6322
6323
6326
6329
6331
6335
6336
6338
6340
6343
6344
6347
6350
6353
6362
6367
6371
6374
6381
6385
6388
6389
6392
6395
6398
6403
6407
6410
6412
6416
6417
6419
6421
6424
6425
6428
6431
6434
6435
6438
6439
6442
6443
6445
6446
6448
6449
6452
6455
6460
6462
6466
6469
6470
6473
6474
6476
6478
6479
6481
6488
6492
6493
6495
6496
6497
6499
6500
6502
6505
6510
6514
6517
6519
6523
6524
6526
6528
6531
6532
6535
6538
6541
6542
6545
6546
6549
6550
6552
6553
6555
6556
6559
6560
6562
6564
6567
6568
6569
6571
6573
6574
6576
6577
6578
6580
6581
6582
6583
6585
6586
6588
6589
6591
6592
6595
6596
6598
6599
6600
6602
6603
6604
6605
6606
6607
6609
6610
6612
6613
6616
6617
6619
6621
6622
6623
6624
6626
6627
6630
6631
6633
6634
6635
6636
6637
6638
6639
6640
6642
6643
6645
6648
6649
6650
6652
6653
6654
6656
6657
6658
6659
6660
6661
6662
6663
6664
6666
6667
6669
6671
6674
6675
6676
6678
6680
6681
6683
6684
6685
6687
6688
6689
6690
6692
6693
6695
6696
6698
6699
6702
6703
6705
6706
6707
6709
6710
6711
6712
6713
6714
6716
6717
6719
6720
6721
6723
6724
6725
6726
6728
6729
6730
6731
6732
6733
6734
6735
6737
6738
6739
6740
6741
6742
6743
6744
6745
6746
6747
6748
6749
6750
6752
6753
6755
6756
6757
6759
6760
6761
6762
6763
6764
6765
6766
6767
6768
6769
6770
6771
6773
6774
6776
6777
6779
6780
6783
6784
6786
6787
6788
6790
6791
6792
6793
6794
6795
6797
6798
6800
6801
6804
6807
6810
6811
6814
6815
6818
6819
6821
6822
6824
6825
6828
6831
6838
6842
6845
6846
6849
6852
6855
6869
6873
6876
6881
6895
6899
6900
6902
6917
6926
6931
6935
6938
6945
6949
6952
6953
6956
6959
6962
6967
6971
6974
6976
6980
6981
6983
6985
6988
6989
6992
6995
6998
6999
7002
7003
7006
7007
7009
7010
7012
7013
7016
7019
7024
7026
7030
7033
7034
7037
7038
7040
7042
7043
7045
7052
7056
7057
7059
7060
7061
7063
7064
7066
7069
7074
7078
7081
7083
7087
7088
7090
7092
7095
7096
7099
7102
7105
7106
7109
7110
7113
7114
7116
7117
7119
7120
7123
7124
7126
7128
7131
7132
7133
7135
7137
7138
7140
7141
7142
7144
7145
7146
7147
7149
7150
7152
7153
7155
7156
7159
7160
7162
7163
7164
7166
7167
7168
7169
7170
7171
7173
7174
7176
7177
7180
7183
7186
7187
7190
7191
7194
7195
7197
7198
7200
7201
7204
7207
7209
7213
7214
7216
7218
7221
7222
7225
7228
7231
7240
7245
7249
7252
7259
7263
7266
7267
7270
7273
7276
7281
7285
7288
7290
7294
7295
7297
7299
7302
7303
7306
7309
7312
7313
7316
7317
7320
7321
7323
7324
7326
7327
7330
7333
7338
7340
7344
7347
7348
7351
7352
7354
7356
7357
7359
7366
7370
7371
7373
7374
7375
7377
7378
7380
7383
7388
7392
7395
7397
7401
7402
7404
7406
7409
7410
7413
7416
7419
7420
7423
7424
7427
7428
7430
7431
7433
7434
7437
7438
7440
7442
7445
7446
7447
7449
7451
7452
7454
7455
7456
7458
7459
7460
7461
7463
7464
7466
7467
7469
7470
7473
7474
7476
7477
7478
7480
7481
7482
7483
7484
7485
7487
7488
7490
7491
7494
7495
7497
7499
7500
7501
7502
7504
7505
7508
7509
7511
7512
7513
7514
7515
7516
7517
7518
7520
7521
7523
7526
7527
7528
7530
7531
7532
7534
7535
7536
7537
7538
7539
7540
7541
7542
7544
7545
7547
7549
7552
7553
7554
7556
7558
7559
7561
7562
7563
7565
7566
7567
7568
7570
7571
7573
7574
7576
7577
7580
7581
7583
7584
7585
7587
7588
7589
7590
7591
7592
7594
7595
7597
7598
7599
7601
7602
7603
7604
7606
7607
7608
7609
7610
7611
7612
7613
7615
7617
7618
7619
7620
7621
7622
7623
7624
7625
7626
7627
7628
7630
7631
7633
7634
7635
7637
7638
7639
7640
7641
7642
7643
7644
7645
7646
7647
7648
7649
7651
7652
7654
7655
7657
7658
7661
7662
7664
7665
7666
7668
7669
7670
7671
7672
7673
7675
7676
7678
7679
7680
7682
7684
7685
7687
7688
7689
7691
7692
7693
7694
7696
7697
7699
7700
7702
7703
7706
7709
7711
7715
7716
7718
7720
7723
7724
7727
7730
7733
7734
7737
7738
7741
7742
7744
7745
7747
7748
7751
7752
7754
7756
7759
7760
7761
7763
7765
7766
7768
7769
7770
7772
7773
7774
7775
7777
7778
7780
7781
7783
7784
7787
7788
7790
7791
7792
7794
7795
7796
7797
7798
7799
7801
7802
7804
7805
7808
7809
7811
7813
7814
7815
7816
7818
7819
7822
7823
7825
7826
7827
7828
7829
7830
7831
7832
7834
7835
7837
7840
7841
7842
7844
7845
7846
7848
7849
7850
7851
7852
7853
7854
7855
7856
7858
7859
7861
7863
7866
7867
7868
7870
7872
7873
7875
7876
7877
7879
7880
7881
7882
7884
7885
7887
7888
7890
7891
7894
7895
7897
7898
7899
7901
7902
7903
7904
7905
7906
7908
7909
7911
7912
7913
7915
7916
7917
7918
7920
7921
7922
7923
7924
7925
7926
7927
7929
7931
7932
7933
7934
7935
7936
7937
7938
7939
7940
7941
7942
7944
7945
7947
7948
7949
7951
7952
7953
7954
7955
7956
7957
7958
7959
7960
7961
7962
7963
7965
7966
7968
7969
7970
7971
7972
7973
7974
7975
7976
7977
7978
7979
7980
7982
7983
7984
7985
7986
7987
7988
7989
7990
7991
7992
7993
7994
7995
7996
7997
7998
7999
8001
8002
8003
8004
8005
8006
8007
8008
8009
8010
8011
8012
8013
8014
8015
8016
8017
8018
8019
8020
8022
8023
8024
8025
8027
8028
8029
8030
8031
8032
8033
8034
8036
8038
8039
8040
8041
8042
8043
8044
8045
8046
8047
8048
8049
8051
8052
8054
8055
8056
8058
8059
8060
8061
8062
8063
8064
8065
8066
8067
8068
8069
8070
8072
8073
8074
8075
8076
8077
8078
8079
8080
8081
8082
8083
8084
8085
8086
8087
8088
8089
8090
8091
8092
8093
8094
8095
8096
8097
8098
8099
8100
8101
8102
8103
8104
8105
8106
8108
8109
8110
8111
8112
8113
8114
8115
8116
8117
8118
8119
8120
8121
8122
8123
8124
8125
8126
8127
8128
8129
8130
8132
8133
8135
8136
8137
8139
8140
8141
8142
8143
8144
8145
8146
8147
8148
8149
8150
8151
8153
8154
8156
8157
8159
8160
8163
8164
8166
8167
8168
8170
8171
8172
8173
8174
8175
8177
8178
8180
8181
8184
8187
8190
8191
8194
8195
8198
8199
8201
8202
8204
8205
8208
8211
8216
8218
8222
8225
8226
8229
8230
8232
8234
8235
8237
8244
8248
8249
8251
8252
8253
8255
8256
8258
8261
8266
8270
8273
8275
8279
8280
8282
8284
8287
8288
8291
8294
8297
8298
8301
8302
8305
8306
8308
8309
8311
8312
8315
8316
8318
8320
8323
8324
8325
8327
8329
8330
8332
8333
8334
8336
8337
8338
8339
8341
8342
8344
8345
8347
8348
8351
8352
8354
8355
8356
8358
8359
8360
8361
8362
8363
8365
8366
8368
8369
8372
8373
8375
8377
8378
8379
8380
8382
8383
8386
8387
8389
8390
8391
8392
8393
8394
8395
8396
8398
8399
8401
8404
8405
8406
8408
8409
8410
8412
8413
8414
8415
8416
8417
8418
8419
8420
8422
8423
8425
8427
8430
8431
8432
8434
8436
8437
8439
8440
8441
8443
8444
8445
8446
8448
8449
8451
8452
8454
8455
8458
8459
8461
8462
8463
8465
8466
8467
8468
8469
8470
8472
8473
8475
8476
8477
8479
8480
8481
8482
8484
8485
8486
8487
8488
8489
8490
8491
8493
8495
8496
8497
8498
8499
8500
8501
8502
8503
8504
8505
8506
8508
8509
8511
8512
8513
8515
8516
8517
8518
8519
8520
8521
8522
8523
8524
8525
8526
8527
8529
8530
8532
8533
8535
8536
8539
8540
8542
8543
8544
8546
8547
8548
8549
8550
8551
8553
8554
8556
8557
8558
8560
8562
8563
8565
8566
8567
8569
8570
8571
8572
8574
8575
8577
8578
8580
8581
8584
8587
8589
8593
8594
8596
8598
8601
8602
8605
8608
8611
8612
8615
8616
8619
8620
8622
8623
8625
8626
8629
8630
8632
8634
8637
8638
8639
8641
8643
8644
8646
8647
8648
8650
8651
8652
8653
8655
8656
8658
8659
8661
8662
8665
8666
8668
8669
8670
8672
8673
8674
8675
8676
8677
8679
8680
8682
8683
8686
8687
8689
8691
8692
8693
8694
8696
8697
8700
8701
8703
8704
8705
8706
8707
8708
8709
8710
8712
8713
8715
8718
8719
8720
8722
8723
8724
8726
8727
8728
8729
8730
8731
8732
8733
8734
8736
8737
8739
8741
8744
8745
8746
8748
8750
8751
8753
8754
8755
8757
8758
8759
8760
8762
8763
8765
8766
8768
8769
8772
8773
8775
8776
8777
8779
8780
8781
8782
8783
8784
8786
8787
8789
8790
8791
8793
8794
8795
8796
8798
8799
8800
8801
8802
8803
8804
8805
8807
8809
8810
8811
8812
8813
8814
8815
8816
8817
8818
8819
8820
8822
8823
8825
8826
8827
8829
8830
8831
8832
8833
8834
8835
8836
8837
8838
8839
8840
8841
8843
8844
8846
8847
8848
8849
8850
8851
8852
8853
8854
8855
8856
8857
8858
8860
8861
8862
8863
8864
8865
8866
8867
8868
8869
8870
8871
8872
8873
8874
8875
8876
8877
8879
8880
8881
8882
8883
8884
8885
8886
8887
8888
8889
8890
8891
8892
8893
8894
8895
8896
8897
8898
8900
8901
8902
8903
8905
8906
8907
8908
8909
8910
8911
8912
8914
8916
8917
8918
8919
8920
8921
8922
8923
8924
8925
8926
8927
8929
8930
8932
8933
8934
8936
8937
8938
8939
8940
8941
8942
8943
8944
8945
8946
8947
8948
8950
8952
8953
8954
8955
8956
8957
8958
8959
8960
8961
8962
8963
8964
8966
8967
8968
8970
8971
8973
8974
8975
8976
8977
8978
8979
8980
8981
8982
8983
8984
8986
8988
8989
8990
8991
8992
8993
8994
8995
8997
8998
8999
9000
9001
9002
9003
9004
9005
9006
9007
9008
9010
9011
9013
9014
9015
9017
9018
9019
9020
9021
9022
9023
9024
9025
9026
9027
9028
9029
9031
9032
9033
9034
9035
9036
9037
9038
9040
9042
9043
9044
9045
9046
9047
9048
9049
9050
9051
9052
9053
9055
9056
9058
9059
9060
9062
9064
9065
9067
9068
9069
9071
9072
9073
9074
9076
9077
9079
9080
9082
9083
9086
9087
9089
9090
9091
9093
9094
9095
9096
9097
9098
9100
9101
9103
9104
9105
9107
9108
9109
9110
9112
9113
9114
9115
9116
9117
9118
9119
9121
9123
9124
9125
9126
9127
9128
9129
9130
9131
9132
9133
9134
9136
9137
9139
9140
9141
9143
9144
9145
9146
9147
9148
9149
9150
9151
9152
9153
9154
9155
9157
9158
9160
9161
9162
9163
9164
9165
9166
9167
9168
9169
9170
9171
9172
9174
9175
9176
9177
9178
9179
9180
9181
9182
9183
9184
9185
9186
9187
9188
9189
9190
9191
9193
9194
9195
9196
9197
9198
9199
9200
9201
9202
9203
9204
9205
9206
9207
9208
9209
9210
9211
9212
9214
9215
9216
9217
9219
9220
9221
9222
9223
9224
9225
9226
9228
9230
9231
9232
9233
9234
9235
9236
9237
9238
9239
9240
9241
9243
9244
9246
9247
9248
9250
9251
9252
9253
9254
9255
9256
9257
9258
9259
9260
9261
9262
9264
9266
9267
9268
9269
9270
9271
9272
9273
9274
9275
9276
9277
9278
9280
9281
9282
9284
9285
9287
9288
9289
9290
9291
9292
9293
9294
9295
9296
9297
9298
9300
9302
9303
9304
9305
9306
9307
9308
9309
9311
9312
9313
9314
9316
9317
9318
9319
9320
9321
9322
9323
9324
9325
9326
9327
9328
9329
9330
9331
9332
9333
9334
9335
9337
9338
9339
9340
9341
9342
9343
9344
9345
9346
9347
9348
9349
9350
9351
9352
9353
9354
9356
9357
9358
9359
9360
9361
9362
9363
9364
9365
9366
9367
9368
9370
9371
9373
9374
9375
9376
9377
9378
9379
9380
9381
9382
9383
9384
9385
9387
9388
9389
9391
9392
9394
9395
9396
9397
9398
9399
9400
9401
9402
9403
9404
9405
9407
9408
9409
9410
9411
9412
9413
9414
9415
9416
9418
9419
9420
9421
9422
9423
9424
9425
9426
9427
9428
9429
9430
9431
9432
9433
9434
9435
9436
9437
9438
9439
9440
9441
9442
9443
9444
9445
9446
9447
9448
9449
9450
9451
9452
9453
9454
9455
9456
9457
9458
9459
9460
9461
9462
9463
9464
9465
9466
9467
9468
9469
9470
9471
9472
9473
9474
9475
9476
9477
9478
9479
9480
9481
9482
9483
9484
9485
9486
9488
9489
9490
9491
9492
9493
9494
9495
9496
9497
9498
9499
9500
9501
9502
9503
9504
9505
9506
9507
9508
9509
9510
9512
9513
9515
9516
9517
9519
9520
9521
9522
9523
9524
9525
9526
9527
9528
9529
9530
9531
9533
9534
9536
9537
9539
9540
9543
9544
9546
9547
9548
9550
9551
9552
9553
9554
9555
9557
9558
9560
9561
9564
9565
9567
9569
9570
9571
9572
9574
9575
9578
9579
9581
9582
9583
9584
9585
9586
9587
9588
9590
9591
9593
9596
9597
9598
9600
9601
9602
9604
9605
9606
9607
9608
9609
9610
9611
9612
9614
9615
9617
9619
9622
9623
9624
9626
9628
9629
9631
9632
9633
9635
9636
9637
9638
9640
9641
9643
9644
9646
9647
9650
9651
9653
9654
9655
9657
9658
9659
9660
9661
9662
9664
9665
9667
9668
9669
9671
9672
9673
9674
9676
9677
9678
9679
9680
9681
9682
9683
9685
9687
9688
9689
9690
9691
9692
9693
9694
9695
9696
9697
9698
9700
9701
9703
9704
9705
9707
9708
9709
9710
9711
9712
9713
9714
9715
9716
9717
9718
9719
9721
9722
9724
9725
9726
9727
9728
9729
9730
9731
9732
9733
9734
9735
9736
9738
9739
9740
9741
9742
9743
9744
9745
9746
9747
9748
9749
9750
9751
9752
9753
9754
9755
9757
9758
9759
9760
9761
9762
9763
9764
9765
9766
9767
9768
9769
9770
9771
9772
9773
9774
9775
9776
9778
9779
9780
9781
9783
9784
9785
9786
9787
9788
9789
9790
9792
9794
9795
9796
9797
9798
9799
9800
9801
9802
9803
9804
9805
9807
9808
9810
9811
9812
9814
9815
9816
9817
9818
9819
9820
9821
9822
9823
9824
9825
9826
9828
9830
9831
9832
9833
9834
9835
9836
9837
9838
9839
9840
9841
9842
9844
9845
9846
9848
9849
9851
9852
9853
9854
9855
9856
9857
9858
9859
9860
9861
9862
9864
9866
9867
9868
9869
9870
9871
9872
9873
9875
9876
9877
9878
9879
9880
9881
9882
9883
9884
9885
9886
9888
9889
9891
9892
9893
9895
9896
9897
9898
9899
9900
9901
9902
9903
9904
9905
9906
9907
9909
9910
9911
9912
9913
9914
9915
9916
9918
9920
9921
9922
9923
9924
9925
9926
9927
9928
9929
9930
9931
9933
9934
9936
9937
9938
9940
9942
9943
9945
9946
9947
9949
9950
9951
9952
9954
9955
9957
9958
9960
9961
9964
9965
9967
9968
9969
9971
9972
9973
9974
9975
9976
9978
9979
9981
9982
9983
9985
9986
9987
9988
9990
9991
9992
9993
9994
9995
9996
9997
9999
10001
10002
10003
10004
10005
10006
10007
10008
10009
10010
10011
10012
10014
10015
10017
10018
10019
10021
10022
10023
10024
10025
10026
10027
10028
10029
10030
10031
10032
10033
10035
10036
10038
10039
10040
10041
10042
10043
10044
10045
10046
10047
10048
10049
10050
10052
10053
10054
10055
10056
10057
10058
10059
10060
10061
10062
10063
10064
10065
10066
10067
10068
10069
10071
10072
10073
10074
10075
10076
10077
10078
10079
10080
10081
10082
10083
10084
10085
10086
10087
10088
10089
10090
10092
10093
10094
10095
10097
10098
10099
10100
10101
10102
10103
10104
10106
10108
10109
10110
10111
10112
10113
10114
10115
10116
10117
10118
10119
10121
10122
10124
10125
10126
10128
10129
10130
10131
10132
10133
10134
10135
10136
10137
10138
10139
10140
10142
10144
10145
10146
10147
10148
10149
10150
10151
10152
10153
10154
10155
10156
10158
10159
10160
10162
10163
10165
10166
10167
10168
10169
10170
10171
10172
10173
10174
10175
10176
10178
10180
10181
10182
10183
10184
10185
10186
10187
10189
10190
10191
10192
10194
10195
10196
10197
10198
10199
10200
10201
10202
10203
10204
10205
10206
10207
10208
10209
10210
10211
10212
10213
10215
10216
10217
10218
10219
10220
10221
10222
10223
10224
10225
10226
10227
10228
10229
10230
10231
10232
10234
10235
10236
10237
10238
10239
10240
10241
10242
10243
10244
10245
10246
10248
10249
10251
10252
10253
10254
10255
10256
10257
10258
10259
10260
10261
10262
10263
10265
10266
10267
10269
10270
10272
10273
10274
10275
10276
10277
10278
10279
10280
10281
10282
10283
10285
10287
10288
10289
10290
10291
10292
10293
10294
10296
10297
10298
10299
10301
10302
10303
10305
10306
10308
10309
10310
10311
10312
10313
10315
10316
10317
10319
10320
10323
10324
10326
10327
10329
10330
10332
10333
10334
10335
10337
10338
10339
10341
10342
10344
10346
10347
10348
10350
10351
10353
10354
10355
10356
10357
10358
10359
10360
10361
10362
10363
10364
10366
10368
10369
10370
10371
10372
10373
10374
10375
10377
10378
10379
10380
10381
10382
10383
10384
10385
10386
10387
10388
10389
10391
10392
10393
10395
10396
10398
10399
10400
10401
10402
10403
10404
10405
10406
10407
10408
10409
10411
10412
10413
10414
10415
10416
10417
10418
10420
10422
10423
10424
10425
10426
10427
10428
10429
10430
10431
10432
10433
10435
10436
10438
10439
10440
10442
10443
10444
10445
10446
10447
10448
10449
10450
10451
10452
10453
10454
10456
10458
10459
10460
10461
10462
10463
10464
10465
10466
10467
10468
10469
10470
10472
10473
10474
10476
10477
10479
10480
10481
10482
10483
10484
10485
10486
10487
10488
10489
10490
10492
10494
10495
10496
10497
10498
10499
10500
10501
10503
10504
10505
10506
10508
10509
10510
10511
10512
10513
10514
10515
10516
10517
10518
10519
10520
10521
10522
10523
10524
10525
10526
10527
10529
10530
10531
10532
10533
10534
10535
10536
10537
10538
10539
10540
10541
10542
10543
10544
10545
10546
10548
10549
10550
10551
10552
10553
10554
10555
10556
10557
10558
10559
10560
10562
10563
10565
10566
10567
10568
10569
10570
10571
10572
10573
10574
10575
10576
10577
10579
10580
10581
10583
10584
10586
10587
10588
10589
10590
10591
10592
10593
10594
10595
10596
10597
10599
10601
10602
10603
10604
10605
10606
10607
10608
10610
10611
10612
10613
10615
10616
10617
10619
10620
10622
10623
10624
10625
10626
10627
10629
10630
10631
10633
10634
10637
10638
10640
10641
10643
10644
10646
10647
10648
10649
10651
10652
10653
10655
10656
10658
10660
10661
10662
10665
10667
10669
10670
10672
10673
10674
10675
10676
10677
10678
10679
10680
10682
10683
10684
10686
10687
10688
10691
10693
10694
10696
10697
10698
10699
10700
10701
10702
10703
10705
10706
10709
10710
10712
10713
10714
10715
10717
10719
10720
10723
10724
10726
10727
10729
10730
10731
10732
10733
10734
10736
10737
10738
10740
10741
10744
10745
10747
10748
10750
10751
10753
10754
10755
10756
10757
10758
10759
10760
10761
10762
10763
10764
10765
10767
10768
10769
10771
10772
10774
10775
10776
10777
10778
10779
10780
10781
10782
10783
10784
10785
10786
10787
10788
10789
10790
10791
10792
10793
10794
10795
10796
10798
10799
10800
10801
10802
10803
10804
10805
10806
10807
10808
10809
10810
10811
10812
10813
10814
10815
10816
10817
10818
10819
10820
10821
10822
10823
10824
10825
10826
10827
10828
10829
10830
10831
10832
10833
10834
10835
10836
10837
10838
10839
10840
10841
10842
10843
10844
10845
10846
10847
10848
10849
10850
10851
10852
10853
10854
10855
10856
10857
10858
10859
10860
10861
10862
10863
10864
10865
10866
10868
10869
10870
10871
10872
10873
10874
10875
10876
10877
10879
10880
10881
10882
10883
10884
10885
10886
10887
10888
10889
10890
10892
10893
10895
10896
10897
10899
10900
10901
10902
10903
10904
10905
10906
10907
10908
10909
10910
10911
10913
10914
10916
10917
10918
10919
10920
10921
10922
10923
10924
10925
10926
10927
10928
10930
10931
10932
10933
10934
10935
10936
10937
10938
10939
10940
10941
10942
10943
10944
10945
10946
10947
10949
10950
10951
10952
10953
10954
10955
10956
10957
10958
10959
10960
10961
10962
10963
10964
10965
10966
10967
10968
10970
10971
10972
10973
10975
10976
10977
10978
10979
10980
10981
10982
10984
10986
10987
10988
10989
10990
10991
10992
10993
10994
10995
10996
10997
10999
11000
11002
11003
11004
11006
11007
11008
11009
11010
11011
11012
11013
11014
11015
11016
11017
11018
11020
11022
11023
11024
11025
11026
11027
11028
11029
11030
11031
11032
11033
11034
11036
11037
11038
11040
11041
11043
11044
11045
11046
11047
11048
11049
11050
11051
11052
11053
11054
11056
11058
11059
11060
11061
11062
11063
11064
11065
11067
11068
11069
11070
11072
11073
11074
11075
11076
11077
11078
11079
11080
11081
11082
11083
11084
11085
11086
11087
11088
11089
11090
11091
11093
11094
11095
11096
11097
11098
11099
11100
11101
11102
11103
11104
11105
11106
11107
11108
11109
11110
11112
11113
11114
11115
11116
11117
11118
11119
11120
11121
11122
11123
11124
11126
11127
11129
11130
11131
11132
11133
11134
11135
11136
11137
11138
11139
11140
11141
11143
11144
11145
11147
11148
11150
11151
11152
11153
11154
11155
11156
11157
11158
11159
11160
11161
11163
11165
11166
11167
11168
11169
11170
11171
11172
11174
11175
11176
11177
11179
11180
11181
11183
11184
11186
11187
11188
11189
11190
11191
11193
11194
11195
11197
11198
11201
11202
11204
11205
11207
11208
11210
11211
11212
11213
11215
11216
11217
11219
11220
11222
11224
11225
11226
11228
11229
11231
11232
11233
11234
11235
11236
11237
11238
11239
11240
11241
11242
11244
11246
11247
11248
11249
11250
11251
11252
11253
11255
11256
11257
11258
11259
11260
11261
11262
11263
11264
11265
11266
11267
11269
11270
11271
11273
11274
11276
11277
11278
11279
11280
11281
11282
11283
11284
11285
11286
11287
11289
11290
11291
11292
11293
11294
11295
11296
11298
11300
11301
11302
11303
11304
11305
11306
11307
11308
11309
11310
11311
11313
11314
11316
11317
11318
11320
11321
11322
11323
11324
11325
11326
11327
11328
11329
11330
11331
11332
11334
11336
11337
11338
11339
11340
11341
11342
11343
11344
11345
11346
11347
11348
11350
11351
11352
11354
11355
11357
11358
11359
11360
11361
11362
11363
11364
11365
11366
11367
11368
11370
11372
11373
11374
11375
11376
11377
11378
11379
11381
11382
11383
11384
11386
11387
11388
11389
11390
11391
11392
11393
11394
11395
11396
11397
11398
11399
11400
11401
11402
11403
11404
11405
11407
11408
11409
11410
11411
11412
11413
11414
11415
11416
11417
11418
11419
11420
11421
11422
11423
11424
11426
11427
11428
11429
11430
11431
11432
11433
11434
11435
11436
11437
11438
11440
11441
11443
11444
11445
11446
11447
11448
11449
11450
11451
11452
11453
11454
11455
11457
11458
11459
11461
11462
11464
11465
11466
11467
11468
11469
11470
11471
11472
11473
11474
11475
11477
11479
11480
11481
11482
11483
11484
11485
11486
11488
11489
11490
11491
11493
11494
11495
11497
11498
11500
11501
11502
11503
11504
11505
11507
11508
11509
11511
11512
11515
11516
11518
11519
11521
11522
11524
11525
11526
11527
11529
11530
11531
11533
11534
11536
11538
11539
11540
11543
11545
11547
11548
11550
11551
11552
11553
11554
11555
11556
11557
11558
11560
11561
11562
11564
11565
11566
11569
11571
11572
11574
11575
11576
11577
11578
11579
11580
11581
11583
11584
11587
11588
11590
11591
11592
11593
11595
11597
11598
11601
11602
11604
11605
11607
11608
11609
11610
11611
11612
11614
11615
11616
11618
11619
11622
11623
11625
11626
11628
11629
11631
11632
11633
11634
11636
11637
11638
11640
11641
11643
11645
11646
11647
11650
11652
11654
11655
11658
11659
11661
11662
11664
11665
11668
11669
11672
11673
11676
11679
11682
11683
11686
11688
11690
11691
11695
11697
11700
11703
11704
11706
11707
11709
11710
11712
11713
11714
11715
11717
11718
11719
11721
11722
11724
11726
11727
11728
11730
11731
11733
11734
11735
11736
11737
11738
11740
11741
11742
11744
11745
11748
11749
11751
11752
11754
11755
11757
11758
11759
11760
11761
11762
11763
11764
11765
11766
11767
11768
11769
11771
11772
11773
11775
11776
11778
11779
11780
11781
11782
11783
11784
11785
11786
11787
11788
11789
11791
11793
11794
11795
11796
11797
11798
11799
11800
11802
11803
11804
11805
11807
11808
11809
11811
11812
11814
11815
11816
11817
11818
11819
11821
11822
11823
11825
11826
11829
11830
11832
11833
11835
11836
11838
11839
11840
11841
11843
11844
11845
11847
11848
11850
11852
11853
11854
11857
11859
11861
11862
11864
11865
11866
11867
11868
11869
11870
11871
11872
11874
11875
11876
11878
11879
11880
11883
11885
11886
11888
11889
11890
11891
11892
11893
11894
11895
11897
11898
11901
11902
11904
11905
11906
11907
11909
11911
11912
11915
11916
11918
11919
11921
11922
11923
11924
11925
11926
11928
11929
11930
11932
11933
11936
11937
11939
11940
11942
11943
11945
11946
11947
11948
11950
11951
11952
11954
11955
11957
11959
11960
11961
11964
11966
11968
11969
11972
11973
11975
11976
11978
11979
11982
11983
11986
11987
11990
11993
11996
11997
12000
12002
12004
12005
12009
12011
12014
12018
12023
12026
12028
12029
12031
12032
12033
12035
12036
12040
12047
12049
12050
12052
12054
12055
12058
12059
12062
12066
12068
12073
12076
12079
12080
12082
12083
12085
12086
12089
12090
12093
12094
12097
12100
12103
12104
12106
12107
12109
12110
12111
12112
12113
12114
12116
12117
12118
12120
12121
12124
12125
12127
12128
12130
12131
12133
12134
12135
12136
12137
12138
12139
12140
12141
12142
12143
12144
12145
12147
12148
12149
12151
12152
12154
12155
12156
12157
12158
12159
12160
12161
12162
12163
12164
12165
12166
12167
12168
12169
12170
12171
12172
12173
12174
12175
12176
12178
12179
12180
12181
12182
12183
12184
12185
12186
12187
12188
12189
12190
12191
12192
12193
12194
12195
12196
12197
12198
12199
12200
12201
12202
12203
12204
12205
12206
12207
12208
12209
12210
12211
12212
12214
12215
12216
12217
12218
12219
12220
12221
12222
12223
12224
12225
12226
12228
12229
12230
12232
12233
12235
12236
12237
12238
12239
12240
12241
12242
12243
12244
12245
12246
12248
12250
12251
12252
12253
12254
12255
12256
12257
12259
12260
12261
12262
12264
12265
12266
12267
12268
12269
12270
12271
12272
12273
12274
12275
12276
12277
12278
12279
12280
12281
12282
12283
12285
12286
12287
12288
12289
12290
12291
12292
12293
12294
12295
12296
12297
12298
12299
12300
12301
12302
12304
12305
12306
12307
12308
12309
12310
12311
12312
12313
12314
12315
12316
12318
12319
12321
12322
12323
12324
12325
12326
12327
12328
12329
12330
12331
12332
12333
12335
12336
12337
12339
12340
12342
12343
12344
12345
12346
12347
12348
12349
12350
12351
12352
12353
12355
12357
12358
12359
12360
12361
12362
12363
12364
12366
12367
12368
12369
12371
12372
12373
12375
12376
12378
12379
12380
12381
12382
12383
12385
12386
12387
12389
12390
12393
12394
12396
12397
12399
12400
12402
12403
12404
12405
12407
12408
12409
12411
12412
12414
12416
12417
12418
12421
12423
12425
12426
12428
12429
12430
12431
12432
12433
12434
12435
12436
12438
12439
12440
12442
12443
12444
12447
12449
12450
12452
12453
12454
12455
12456
12457
12458
12459
12461
12462
12465
12466
12468
12469
12470
12471
12473
12475
12476
12479
12480
12482
12483
12485
12486
12487
12488
12489
12490
12492
12493
12494
12496
12497
12500
12501
12503
12504
12506
12507
12509
12510
12511
12512
12514
12515
12516
12518
12519
12521
12523
12524
12525
12528
12530
12532
12533
12536
12537
12539
12540
12542
12543
12546
12547
12550
12551
12554
12557
12560
12561
12564
12566
12568
12569
12573
12575
12578
12581
12582
12584
12585
12587
12588
12590
12591
12592
12593
12595
12596
12597
12599
12600
12602
12604
12605
12606
12608
12609
12611
12612
12613
12614
12615
12616
12618
12619
12620
12622
12623
12626
12627
12629
12630
12632
12633
12635
12636
12637
12638
12639
12640
12641
12642
12643
12644
12645
12646
12647
12649
12650
12651
12653
12654
12656
12657
12658
12659
12660
12661
12662
12663
12664
12665
12666
12667
12669
12671
12672
12673
12674
12675
12676
12677
12678
12680
12681
12682
12683
12685
12686
12687
12689
12690
12692
12693
12694
12695
12696
12697
12699
12700
12701
12703
12704
12707
12708
12710
12711
12713
12714
12716
12717
12718
12719
12721
12722
12723
12725
12726
12728
12730
12731
12732
12735
12737
12739
12740
12742
12743
12744
12745
12746
12747
12748
12749
12750
12752
12753
12754
12756
12757
12758
12761
12763
12764
12766
12767
12768
12769
12770
12771
12772
12773
12775
12776
12779
12780
12782
12783
12784
12785
12787
12789
12790
12793
12794
12796
12797
12799
12800
12801
12802
12803
12804
12806
12807
12808
12810
12811
12814
12815
12817
12818
12820
12821
12823
12824
12825
12826
12828
12829
12830
12832
12833
12835
12837
12838
12839
12842
12844
12846
12847
12850
12851
12853
12854
12856
12857
12860
12861
12864
12865
12868
12871
12874
12875
12878
12880
12882
12883
12887
12889
12892
12896
12901
12904
12906
12907
12909
12910
12911
12913
12914
12918
12925
12927
12928
12930
12932
12933
12936
12937
12940
12944
12946
12951
12954
12957
12958
12960
12961
12963
12964
12967
12968
12971
12972
12975
12978
12981
12982
12985
12987
12989
12990
12994
12996
12999
13003
13008
13011
13014
13017
13018
13021
13025
13032
13035
13039
13044
13053
13056
13059
13062
13063
13066
13068
13070
13071
13075
13077
13080
13083
13084
13086
13087
13089
13090
13093
13094
13097
13098
13101
13104
13107
13108
13110
13111
13113
13114
13115
13116
13117
13118
13120
13121
13122
13124
13125
13128
13129
13131
13132
13134
13135
13137
13138
13139
13140
13142
13143
13144
13146
13147
13149
13151
13152
13153
13156
13158
13160
13161
13164
13165
13167
13168
13170
13171
13174
13175
13178
13179
13182
13185
13188
13189
13192
13194
13196
13197
13201
13203
13206
13210
13215
13218
13220
13221
13223
13224
13225
13227
13228
13232
13239
13241
13242
13244
13246
13247
13250
13251
13254
13258
13260
13265
13268
13271
13272
13274
13275
13277
13278
13281
13282
13285
13286
13289
13292
13295
13296
13299
13301
13303
13304
13308
13310
13313
13317
13322
13325
13328
13331
13332
13335
13339
13346
13349
13353
13358
13367
13382
13384
13385
13389
13403
13408
13411
13415
13429
13432
13435
13438
13439
13442
13446
13453
13456
13459
13460
13462
13463
13465
13466
13469
13470
13473
13474
13477
13480
13483
13484
13486
13487
13489
13490
13491
13492
13493
13494
13496
13497
13498
13500
13501
13504
13505
13507
13508
13510
13511
13513
13514
13515
13516
13517
13518
13519
13520
13521
13522
13523
13524
13525
13527
13528
13529
13531
13532
13534
13535
13536
13537
13538
13539
13540
13541
13542
13543
13544
13545
13546
13547
13549
13550
13551
13552
13553
13554
13555
13556
13558
13559
13560
13561
13563
13564
13565
13567
13568
13570
13571
13572
13573
13574
13575
13577
13578
13579
13581
13582
13585
13586
13588
13589
13591
13592
13594
13595
13596
13597
13599
13600
13601
13603
13604
13606
13608
13609
13610
13613
13615
13617
13618
13620
13621
13622
13623
13624
13625
13626
13627
13628
13630
13631
13632
13634
13635
13636
13639
13641
13642
13644
13645
13646
13647
13648
13649
13650
13651
13653
13654
13657
13658
13660
13661
13662
13663
13665
13667
13668
13671
13672
13674
13675
13677
13678
13679
13680
13681
13682
13684
13685
13686
13688
13689
13692
13693
13695
13696
13698
13699
13701
13702
13703
13704
13706
13707
13708
13710
13711
13713
13715
13716
13717
13720
13722
13724
13725
13728
13729
13731
13732
13734
13735
13738
13739
13742
13743
13746
13749
13752
13753
13756
13758
13760
13761
13765
13767
13770
13774
13779
13782
13784
13785
13787
13788
13789
13791
13792
13796
13803
13805
13806
13808
13810
13811
13814
13815
13818
13822
13824
13829
13832
13835
13836
13838
13839
13841
13842
13845
13846
13849
13850
13853
13856
13859
13860
13863
13865
13867
13868
13872
13874
13877
13881
13886
13889
13892
13895
13896
13899
13903
13910
13913
13917
13922
13931
13934
13937
13940
13941
13944
13946
13948
13949
13953
13955
13958
13961
13962
13964
13965
13967
13968
13971
13972
13975
13976
13979
13982
13985
13986
13988
13989
13991
13992
13993
13994
13995
13996
13998
13999
14000
14002
14003
14006
14007
14009
14010
14012
14013
14015
14016
14017
14018
14020
14021
14022
14024
14025
14027
14029
14030
14031
14034
14036
14038
14039
14042
14043
14045
14046
14048
14049
14052
14053
14056
14057
14060
14063
14066
14067
14070
14072
14074
14075
14079
14081
14084
14088
14093
14096
14098
14099
14101
14102
14103
14105
14106
14110
14117
14119
14120
14122
14124
14125
14128
14129
14132
14136
14138
14143
14146
14149
14150
14152
14153
14155
14156
14159
14160
14163
14164
14167
14170
14173
14174
14177
14179
14181
14182
14186
14188
14191
14195
14200
14203
14206
14209
14210
14213
14217
14224
14227
14231
14236
14245
14260
14262
14263
14267
14281
14286
14289
14293
14307
14310
14313
14316
14317
14320
14324
14331
14334
14338
14343
14352
14367
14370
14374
14388
14412
14415
14419
14424
14433
14436
14439
14442
14443
14446
14450
14457
14460
14463
14464
14466
14467
14469
14470
14473
14474
14477
14478
14481
14484
14487
14488
14491
14493
14495
14496
14500
14502
14505
14509
14514
14517
14520
14523
14524
14527
14531
14538
14541
14545
14550
14559
14574
14576
14577
14581
14595
14600
14603
14607
14621
14624
14627
14630
14631
14634
14638
14645
14648
14652
14657
14666
14681
14684
14688
14702
14738
14764
14788
14791
14795
14809
14812
14815
14818
14819
14822
14826
14833
14836
14839
14840
14842
14843
14845
14846
14849
14850
14853
14854
14857
14860
14863
14864
14866
14867
14869
14870
14871
14872
14873
14874
14876
14877
14878
14880
14881
14884
14885
14887
14888
14890
14891
14893
14894
14895
14896
14898
14899
14900
14902
14903
14905
14907
14908
14909
14912
14914
14916
14917
14920
14921
14923
14924
14926
14927
14930
14931
14934
14935
14938
14941
14944
14945
14948
14950
14952
14953
14957
14959
14962
14966
14971
14974
14976
14977
14979
14980
14981
14983
14984
14988
14995
14997
14998
15000
15002
15003
15006
15007
15010
15014
15016
15021
15024
15027
15028
15030
15031
15033
15034
15037
15038
15041
15042
15045
15048
15051
15052
15055
15057
15059
15060
15064
15066
15069
15073
15078
15081
15084
15087
15088
15091
15095
15102
15105
15109
15114
15123
15138
15140
15141
15145
15159
15164
15167
15171
15185
15188
15191
15194
15195
15198
15202
15209
15212
15216
15221
15230
15245
15248
15252
15266
15290
15293
15297
15302
15311
15314
15317
15320
15321
15324
15328
15335
15338
15341
15342
15344
15345
15347
15348
15351
15352
15355
15356
15359
15362
15365
15366
15369
15371
15373
15374
15378
15380
15383
15387
15392
15395
15398
15401
15402
15405
15409
15416
15419
15423
15428
15437
15452
15454
15455
15459
15473
15478
15481
15485
15499
15502
15505
15508
15509
15512
15516
15523
15526
15530
15535
15544
15559
15562
15566
15580
15616
15642
15666
15669
15673
15687
15723
15768
15792
15795
15799
15813
15816
15819
15822
15823
15826
15830
15837
15840
15844
15849
15858
15873
15876
15880
15894
15930
15956
15980
15983
15987
16001
16037
16144
16168
16171
16175
16189
16192
16195
16198
16199
16202
16206
16213
16216
16219
16220
16222
16223
16225
16226
16229
16230
16233
16234
16237
16240
16243
16244
16247
16249
16251
16252
16256
16258
16261
16265
16270
16273
16276
16279
16280
16283
16287
16294
16297
16301
16306
16315
16330
16332
16333
16337
16351
16356
16359
16363
16377
16380
16383
16386
16387
16390
16394
16401
16404
16408
16413
16422
16437
16440
16444
16458
16494
16520
16544
16547
16551
16565
16601
16646
16670
16673
16677
16691
16694
16697
16700
16701
16704
16708
16715
16718
16722
16727
16736
16751
16754
16758
16772
16808
16834
16858
16861
16865
16879
16915
17022
17148
17172
17175
17179
17193
17229
17336
17524
17548
17551
17555
17569
17572
17575
17578
17579
17582
17586
17593
17596
17600
17605
17614
17629
17632
17636
17650
17686
17712
17736
17739
17743
17757
17793
17900
18026
18050
18053
18057
18071
18107
18214
18528
18904
18928
18931
18935
18949
18985
19092
19406
20284
