0
878
1192
1299
1335
1349
1353
1356
1380
2070
2177
2213
2227
2231
2234
2258
2491
2527
2541
2545
2548
2572
2634
2648
2652
2655
2679
2684
2688
2691
2702
2705
2709
2715
2729
2733
2736
3369
3405
3419
3423
3426
3450
3512
3526
3530
3533
3557
3562
3566
3569
3580
3583
3587
3593
3607
3611
3614
3826
3840
3844
3847
3871
3876
3880
3883
3894
3897
3901
3907
3921
3925
3928
3983
3987
3990
4001
4004
4008
4014
4028
4032
4035
4037
4040
4044
4058
4064
4068
4071
4082
4085
4089
4704
4718
4722
4725
4749
4754
4758
4761
4772
4775
4779
4785
4799
4803
4806
4861
4865
4868
4879
4882
4886
4892
4906
4910
4913
4915
4918
4922
4936
4942
4946
4949
4960
4963
4967
5175
5179
5182
5193
5196
5200
5206
5220
5224
5227
5229
5232
5236
5250
5256
5260
5263
5274
5277
5281
5336
5339
5343
5357
5363
5367
5370
5381
5384
5388
5393
5417
5420
5424
5438
6053
6057
6060
6071
6074
6078
6084
6098
6102
6105
6107
6110
6114
6128
6134
6138
6141
6152
6155
6159
6214
6217
6221
6235
6241
6245
6248
6259
6262
6266
6271
6295
6298
6302
6316
6528
6531
6535
6549
6555
6559
6562
6573
6576
6580
6585
6609
6612
6616
6630
6692
6716
6719
6723
6737
6773
7406
7409
7413
7427
7433
7437
7440
7451
7454
7458
7463
7487
7490
7494
7508
7570
7594
7597
7601
7615
7651
7884
7908
7911
7915
7929
7965
8072
8762
8786
8789
8793
8807
8843
8950
9264
10142
