0
894
1196
1303
1341
1353
1359
1360
1368
2090
2197
2235
2247
2253
2254
2262
2499
2537
2549
2555
2556
2564
2644
2656
2662
2663
2671
2694
2700
2701
2709
2712
2713
2719
2721
2727
2728
3393
3431
3443
3449
3450
3458
3538
3550
3556
3557
3565
3588
3594
3595
3603
3606
3607
3613
3615
3621
3622
3840
3852
3858
3859
3867
3890
3896
3897
3905
3908
3909
3915
3917
3923
3924
3997
4003
4004
4012
4015
4016
4022
4024
4030
4031
4053
4054
4060
4062
4068
4069
4072
4080
4081
4087
4734
4746
4752
4753
4761
4784
4790
4791
4799
4802
4803
4809
4811
4817
4818
4891
4897
4898
4906
4909
4910
4916
4918
4924
4925
4947
4948
4954
4956
4962
4963
4966
4974
4975
4981
5193
5199
5200
5208
5211
5212
5218
5220
5226
5227
5249
5250
5256
5258
5264
5265
5268
5276
5277
5283
5356
5357
5363
5365
5371
5372
5375
5383
5384
5390
5413
5421
5422
5428
5440
6087
6093
6094
6102
6105
6106
6112
6114
6120
6121
6143
6144
6150
6152
6158
6159
6162
6170
6171
6177
6250
6251
6257
6259
6265
6266
6269
6277
6278
6284
6307
6315
6316
6322
6334
6552
6553
6559
6561
6567
6568
6571
6579
6580
6586
6609
6617
6618
6624
6636
6716
6724
6725
6731
6743
6781
7446
7447
7453
7455
7461
7462
7465
7473
7474
7480
7503
7511
7512
7518
7530
7610
7618
7619
7625
7637
7675
7912
7920
7921
7927
7939
7977
8084
8806
8814
8815
8821
8833
8871
8978
9280
10174
