0
302
409
447
459
465
466
474
711
749
761
767
768
776
856
868
874
875
883
906
912
913
921
924
925
931
933
939
940
1158
1170
1176
1177
1185
1208
1214
1215
1223
1226
1227
1233
1235
1241
1242
1315
1321
1322
1330
1333
1334
1340
1342
1348
1349
1371
1372
1378
1380
1386
1387
1390
1398
1399
1405
1617
1623
1624
1632
1635
1636
1642
1644
1650
1651
1673
1674
1680
1682
1688
1689
1692
1700
1701
1707
1780
1781
1787
1789
1795
1796
1799
1807
1808
1814
1837
1845
1846
1852
1864
2082
2083
2089
2091
2097
2098
2101
2109
2110
2116
2139
2147
2148
2154
2166
2246
2254
2255
2261
2273
2311
2548
2556
2557
2563
2575
2613
2720
3022
